2 0.9980204105377197 0.32945448557535806 0.5383508752893519 0.09135103225708008 0.12531421802662038
2 0.9967306852340698 0.36541159947713214 0.49684346516927086 0.05105158487955729 0.08536108511465568
2 0.9966967105865479 0.14539737701416017 0.719263599537037 0.2859802563985189 0.38541259765625
2 0.9960669875144958 0.4450795809427897 0.4826798615632234 0.05141302744547526 0.07324263961226851
2 0.9951555728912354 0.1796521822611491 0.5149944164134838 0.1568385124206543 0.12107956497757523
2 0.9917147755622864 0.034891215960184734 0.4748250890661169 0.04416799545288086 0.04035545631691262
2 0.9902068972587585 0.2658390045166016 0.5066753811306424 0.06430816650390625 0.08939618711118345
2 0.988237202167511 0.7056729634602864 0.45704594364872686 0.039811897277832034 0.02847208093713831
2 0.9831112623214722 0.6443092981974284 0.4544787371600116 0.03814379374186198 0.027739404748987267
8 0.9802323579788208 0.4306543986002604 0.3084311308684172 0.013119761149088542 0.025147219057436342
2 0.9797764420509338 0.41655171712239586 0.4672624658655237 0.029804452260335287 0.048767824526186346
8 0.9759454131126404 0.7864464441935222 0.4025371692798756 0.03593025207519531 0.07135784007884838
9 0.9690569043159485 0.41033074061075847 0.3087230258517795 0.022907384236653647 0.012838010434751157
9 0.9445311427116394 0.25566943486531574 0.3118876421893084 0.02207357088724772 0.01142860695167824
9 0.9433536529541016 0.466523551940918 0.30823581836841724 0.02178500493367513 0.01174305103443287
8 0.938130795955658 0.3226869265238444 0.4036259403935185 0.02292792002360026 0.013922119140625
2 0.9065017104148865 0.017403417825698854 0.4787047209563079 0.03353745937347412 0.042218808774594906
8 0.8477060198783875 0.7854624430338542 0.45880392569082756 0.02350915273030599 0.03865664446795428
9 0.8406352400779724 0.33082186381022133 0.36584266380027486 0.013101927439371745 0.006490636754918982
8 0.8112333416938782 0.5253225962320963 0.33106231689453125 0.022974777221679687 0.015658654106987847
2 0.7736873626708984 0.33399950663248695 0.46083396629050927 0.014958063761393229 0.01974509910300926
2 0.7554033994674683 0.4026295344034831 0.4571412545663339 0.018400287628173827 0.03149798357928241
8 0.7448122501373291 0.9634812672932943 0.4133609347873264 0.01122296651204427 0.023033198603877314
2 0.6962442398071289 0.38797953923543294 0.45472833138925056 0.015611012776692709 0.02550941749855324
8 0.6848382949829102 0.486956787109375 0.29219275580512155 0.01431261698404948 0.024291935673466436
9 0.6807069778442383 0.42127342224121095 0.3695860686125579 0.013047313690185547 0.006291650842737268
2 0.6332845687866211 0.8108748118082683 0.45454785382306134 0.032212448120117185 0.029089666295934607
9 0.6155833005905151 0.3046907742818197 0.36677110460069445 0.012114651997884114 0.005641428629557291
8 0.6116361618041992 0.48732611338297527 0.31305587203414353 0.01598701477050781 0.01830571492513021
2 0.6076357364654541 0.4705924987792969 0.44808626528139467 0.012979952494303386 0.018494867395471643
2 0.5840355157852173 0.09698247114817302 0.5104446976273148 0.03557082811991374 0.06086386221426505
8 0.5554847121238708 0.5562447865804037 0.33270238240559896 0.015666707356770834 0.011149653682002315
