2 0.37364256381988525 0.3678281009197235 0.6793909072875977 0.0293276309967041 0.02142167091369629
2 0.3912401497364044 0.4053199589252472 0.6639029383659363 0.015275657176971436 0.013819694519042969
2 0.5700104832649231 0.4045606255531311 0.6734252572059631 0.011353373527526855 0.016567468643188477
2 0.6246076226234436 0.43466293811798096 0.6715170741081238 0.008900642395019531 0.014364361763000488
2 0.7580695748329163 0.9657754302024841 0.6904703974723816 0.04774749279022217 0.02529621124267578
10 0.815942645072937 0.4524988532066345 0.5973775386810303 0.014438033103942871 0.006721377372741699
2 0.8546393513679504 0.5597583651542664 0.6736016273498535 0.03192746639251709 0.030079960823059082
2 0.9053500890731812 0.4219943881034851 0.6729258298873901 0.023436546325683594 0.021266698837280273
2 0.9205394983291626 0.39227765798568726 0.6737368702888489 0.023493051528930664 0.022657155990600586
10 0.9399538636207581 0.3244860768318176 0.5127331614494324 0.03765791654586792 0.013518214225769043
2 0.9546141028404236 0.3296424150466919 0.6826547384262085 0.10307133197784424 0.04884612560272217
10 0.9642743468284607 0.42651501297950745 0.5111492872238159 0.035904765129089355 0.013749480247497559
2 0.9648431539535522 0.4937576651573181 0.737363874912262 0.161859393119812 0.1791396141052246