5 0.2565923035144806 0.5813586711883545 0.5948492288589478 0.024474501609802246 0.02564549446105957
2 0.2901218831539154 0.439779669046402 0.5937516689300537 0.006195545196533203 0.011449098587036133
6 0.3405988812446594 0.3805495798587799 0.5030339956283569 0.021290361881256104 0.009576678276062012
6 0.36348697543144226 0.41364872455596924 0.5401684641838074 0.011276662349700928 0.006085872650146484
6 0.4457712173461914 0.4404717683792114 0.5072376728057861 0.020704805850982666 0.009262800216674805
2 0.4870099425315857 0.24994997680187225 0.5899649858474731 0.05918005108833313 0.06080210208892822
2 0.48863184452056885 0.004916295409202576 0.5671738386154175 0.009508918970823288 0.02473616600036621
2 0.5346220135688782 0.4211992621421814 0.58731609582901 0.034585773944854736 0.05467677116394043
2 0.5797145366668701 0.38144028186798096 0.5861451625823975 0.010132551193237305 0.010263681411743164
7 0.5861698389053345 0.42193281650543213 0.5870472192764282 0.0355910062789917 0.05431497097015381
2 0.7892969846725464 0.0474567785859108 0.5695618391036987 0.03934697434306145 0.020109176635742188
2 0.810334324836731 0.4461299479007721 0.589512050151825 0.007282674312591553 0.010743141174316406
2 0.8117663860321045 0.310321569442749 0.5739287734031677 0.06618189811706543 0.0712350606918335
2 0.8204149007797241 0.014894155785441399 0.5673650503158569 0.027324650436639786 0.020280122756958008
2 0.8597787618637085 0.3728593587875366 0.5955139398574829 0.01753181219100952 0.02885282039642334
10 0.8860257267951965 0.41382521390914917 0.5403540730476379 0.011234760284423828 0.005919098854064941
10 0.9299761056900024 0.44047626852989197 0.5074451565742493 0.0205841064453125 0.009078145027160645
10 0.9313609600067139 0.3805258274078369 0.5029481053352356 0.02126634120941162 0.00955471396446228
2 0.9673480987548828 0.39934027194976807 0.6040586829185486 0.0383034348487854 0.0403670072555542
2 0.9674659371376038 0.14987163245677948 0.6062554121017456 0.17805209755897522 0.14101064205169678
2 0.9791379570960999 0.3377954065799713 0.6104918718338013 0.08292382955551147 0.06951332092285156
2 0.9844919443130493 0.5081584453582764 0.6313465237617493 0.10117658972740173 0.112648606300354