2 0.2543935775756836 0.4563565254211426 0.649361789226532 0.009091615676879883 0.010529160499572754
2 0.25625160336494446 0.028472386300563812 0.8992360234260559 0.056243687868118286 0.20101571083068848
2 0.25911033153533936 0.4631291329860687 0.6429613828659058 0.02922290563583374 0.02232527732849121
2 0.27610766887664795 0.25485795736312866 0.6558031439781189 0.013204872608184814 0.017567157745361328
10 0.28323787450790405 0.3835189640522003 0.48249566555023193 0.019536614418029785 0.012754857540130615
6 0.33561891317367554 0.49300092458724976 0.48002249002456665 0.04344072937965393 0.015758991241455078
2 0.41205501556396484 0.6149597764015198 0.6465697884559631 0.04668688774108887 0.029254436492919922
2 0.4255663752555847 0.005381296388804913 0.6659984588623047 0.010627362877130508 0.015486359596252441
2 0.42859336733818054 0.7121129035949707 0.6428244113922119 0.04218792915344238 0.030962586402893066
6 0.4551021158695221 0.48267966508865356 0.5853910446166992 0.013978540897369385 0.007147550582885742
2 0.46044719219207764 0.8302383422851562 0.6516414284706116 0.015195012092590332 0.024474263191223145
0 0.48136529326438904 0.6327770948410034 0.6547141671180725 0.009311199188232422 0.04807722568511963
10 0.6131702661514282 0.4929340183734894 0.48000502586364746 0.043376147747039795 0.01571667194366455
2 0.6479418873786926 0.05754581838846207 0.6608558893203735 0.05425756052136421 0.026732683181762695
5 0.6933043599128723 0.2999519407749176 0.6426137089729309 0.07762730121612549 0.05794370174407959
2 0.7422296404838562 0.36108773946762085 0.6623919010162354 0.03133714199066162 0.042040348052978516
2 0.7461138367652893 0.44433286786079407 0.6491736769676208 0.020053565502166748 0.015064477920532227
2 0.7994238138198853 0.3340066075325012 0.6618553996086121 0.03325760364532471 0.05046546459197998
2 0.8706797361373901 0.7867963910102844 0.6513455510139465 0.07587301731109619 0.028267264366149902
10 0.9230378270149231 0.4826834201812744 0.5853803753852844 0.013767838478088379 0.007052063941955566
2 0.9423170685768127 0.4782966077327728 0.6537229418754578 0.017670392990112305 0.01809704303741455
2 0.9837028384208679 0.540153443813324 0.7153832912445068 0.14800524711608887 0.16770946979522705
2 0.9844040870666504 0.39906221628189087 0.6916496753692627 0.11012184619903564 0.0942922830581665