2 0.3531032204627991 0.5114352703094482 0.6522206664085388 0.0177992582321167 0.03284561634063721
2 0.6158424019813538 0.8115311861038208 0.6180136799812317 0.038064002990722656 0.02457249164581299
2 0.6466935873031616 0.9487946033477783 0.622046172618866 0.04598796367645264 0.026756644248962402
9 0.6543325185775757 0.5796962976455688 0.9491754770278931 0.04571712017059326 0.029024124145507812
10 0.7250862121582031 0.5502110719680786 0.5424386858940125 0.025791525840759277 0.01062464714050293
2 0.7450245022773743 0.520702600479126 0.65946364402771 0.01858663558959961 0.04330861568450928
2 0.7479639649391174 0.0631941556930542 0.7719697952270508 0.12684297561645508 0.42109525203704834
6 0.7606184482574463 0.4766315519809723 0.5473522543907166 0.02619028091430664 0.011213421821594238
4 0.7884166240692139 0.5800825357437134 0.9488323330879211 0.046468138694763184 0.02954232692718506
6 0.8375958800315857 0.5501269698143005 0.5425016283988953 0.025524258613586426 0.01052713394165039
2 0.8483729362487793 0.4968802332878113 0.64971923828125 0.01269713044166565 0.01605510711669922
10 0.913934588432312 0.4832096993923187 0.5939444899559021 0.012821555137634277 0.006408572196960449
2 0.9257672429084778 0.5661155581474304 0.6358296275138855 0.10889947414398193 0.14871466159820557
10 0.9309292435646057 0.4765954613685608 0.5474940538406372 0.026338398456573486 0.011350393295288086
2 0.9607959389686584 0.7461885809898376 0.7113946080207825 0.2792860269546509 0.21160995960235596
2 0.9830731153488159 0.4515327513217926 0.6890104413032532 0.09245580434799194 0.10387122631072998