2 0.2925509512424469 0.9286100268363953 0.6356586813926697 0.016634583473205566 0.015273451805114746
4 0.5685408711433411 0.7049052119255066 0.45990636944770813 0.04413604736328125 0.016134560108184814
2 0.7826485633850098 0.9465464949607849 0.646993100643158 0.053099751472473145 0.029860377311706543
2 0.8369689583778381 0.9866403341293335 0.6479362845420837 0.026622533798217773 0.02510392665863037
2 0.8956910371780396 0.8723817467689514 0.6526259183883667 0.051990628242492676 0.027869582176208496
10 0.9253055453300476 0.5640946626663208 0.5717664361000061 0.017882227897644043 0.007988214492797852
10 0.9320374131202698 0.575640082359314 0.46370765566825867 0.04458737373352051 0.016119837760925293
2 0.9376534819602966 0.7781193256378174 0.657089352607727 0.04286777973175049 0.02344834804534912
2 0.9683881402015686 0.7358002066612244 0.6650763750076294 0.04652857780456543 0.04976058006286621
2 0.9705790281295776 0.29399657249450684 0.724470317363739 0.22449791431427002 0.19611585140228271
2 0.9855712652206421 0.5386511087417603 0.7087182402610779 0.1199483573436737 0.13214659690856934