2 0.26455777883529663 0.6919065117835999 0.6547707915306091 0.019530415534973145 0.014594674110412598
2 0.2881167232990265 0.025754611939191818 0.6490421295166016 0.048200398683547974 0.010475993156433105
2 0.48191511631011963 0.9425441026687622 0.6422915458679199 0.013321638107299805 0.012365579605102539
2 0.5097914338111877 0.06708673387765884 0.6502902507781982 0.06738530099391937 0.010876059532165527
2 0.5525394678115845 0.261700838804245 0.7415545582771301 0.21099501848220825 0.32463645935058594
2 0.6912050247192383 0.8813578486442566 0.6563659906387329 0.020444154739379883 0.01641082763671875
2 0.9040669202804565 0.793601930141449 0.6523388028144836 0.036769986152648926 0.026156067848205566
2 0.9188995361328125 0.8163009285926819 0.6537137031555176 0.052213430404663086 0.02916860580444336
10 0.935996949672699 0.5921569466590881 0.5529422760009766 0.019553422927856445 0.008364558219909668
2 0.949668824672699 0.966731607913971 0.6512657999992371 0.06334519386291504 0.03438889980316162
2 0.960502028465271 0.9103266596794128 0.6515671014785767 0.0483936071395874 0.030627965927124023
2 0.9694088101387024 0.5662915706634521 0.7146132588386536 0.17398765683174133 0.1935352087020874