2 0.29105061292648315 0.9321994185447693 0.8888416290283203 0.1368938684463501 0.21133697032928467
2 0.39568445086479187 0.4455532133579254 0.6854417324066162 0.007550597190856934 0.006682038307189941
2 0.5293918251991272 0.43993014097213745 0.6880965232849121 0.00974506139755249 0.009204983711242676
2 0.5709606409072876 0.5496777892112732 0.6921953558921814 0.018776297569274902 0.030922412872314453
2 0.749620258808136 0.29932883381843567 0.6918256282806396 0.022038578987121582 0.022597312927246094
2 0.8190436363220215 0.5894516110420227 0.6867337822914124 0.06517744064331055 0.06240499019622803
5 0.847356915473938 0.5894603133201599 0.6869651675224304 0.0656130313873291 0.0625687837600708
2 0.8896068930625916 0.4189831614494324 0.689257800579071 0.015457868576049805 0.020249366760253906
2 0.9412006139755249 0.4032313823699951 0.6956283450126648 0.016068100929260254 0.014727354049682617
2 0.9584903120994568 0.3094828724861145 0.7030498385429382 0.04078090190887451 0.03571593761444092
2 0.9655770063400269 0.4928179979324341 0.7065304517745972 0.055875808000564575 0.06509435176849365