2 0.2999677360057831 0.8938663005828857 0.46262019872665405 0.021922707557678223 0.015513360500335693
2 0.34318795800209045 0.8016224503517151 0.6620323657989502 0.02385711669921875 0.022139430046081543
2 0.441619336605072 0.9141180515289307 0.6646651029586792 0.05464375019073486 0.024517059326171875
7 0.4811316132545471 0.5462052226066589 0.6556205749511719 0.04158639907836914 0.04720747470855713
2 0.510780930519104 0.8412887454032898 0.660983681678772 0.08684778213500977 0.03704071044921875
2 0.6125859022140503 0.5460174679756165 0.6553370356559753 0.04233849048614502 0.047081828117370605
2 0.6464532613754272 0.7737576961517334 0.6592725515365601 0.03714859485626221 0.026800155639648438
2 0.7537173628807068 0.40357500314712524 0.6634613275527954 0.011981844902038574 0.016451120376586914
2 0.8815401196479797 0.3931904435157776 0.6639854311943054 0.0139540433883667 0.012365221977233887
2 0.9174233675003052 0.326834499835968 0.6674000024795532 0.03088676929473877 0.026934385299682617
2 0.9753387570381165 0.5951213240623474 0.6912112236022949 0.09496152400970459 0.08556318283081055
2 0.9773561358451843 0.45115602016448975 0.692649781703949 0.09677278995513916 0.13913309574127197