0 0.3586895763874054 0.19058860838413239 0.6893361806869507 0.011708110570907593 0.03706955909729004
5 0.3649103045463562 0.5609503984451294 0.6635485291481018 0.04342496395111084 0.04320955276489258
5 0.413571834564209 0.3584529757499695 0.6657809615135193 0.05903583765029907 0.061533451080322266
7 0.4434947073459625 0.35847342014312744 0.665922224521637 0.059692978858947754 0.061730146408081055
2 0.7910012006759644 0.4503774642944336 0.6663206219673157 0.006616473197937012 0.008318781852722168
2 0.8058165311813354 0.5611389875411987 0.6635081171989441 0.043187499046325684 0.043314337730407715
2 0.8719136714935303 0.358675479888916 0.6662852764129639 0.05871093273162842 0.06130862236022949
2 0.9004439115524292 0.43826568126678467 0.6660258769989014 0.01202481985092163 0.016103386878967285
2 0.916277289390564 0.4271866977214813 0.6703497767448425 0.010828375816345215 0.010485172271728516
2 0.9458875060081482 0.39753252267837524 0.6729621291160583 0.02001166343688965 0.020081758499145508
2 0.9570459127426147 0.7983922362327576 0.7490110397338867 0.2716470956802368 0.18698883056640625
2 0.9634638428688049 0.4896349310874939 0.6831399202346802 0.04935801029205322 0.05569899082183838