2 0.2694847881793976 0.004500661976635456 0.5811477899551392 0.009026726707816124 0.02277207374572754
14 0.35431674122810364 0.0709523856639862 0.4938867688179016 0.02451843023300171 0.01564610004425049
6 0.5349196195602417 0.4963502883911133 0.5673918128013611 0.009037256240844727 0.005203962326049805
2 0.6246225237846375 0.4584396481513977 0.6317269802093506 0.008134722709655762 0.009586691856384277
2 0.7826565504074097 0.14877691864967346 0.8015901446342468 0.2970457673072815 0.3956258296966553
10 0.7942275404930115 0.49636316299438477 0.5675192475318909 0.008997440338134766 0.005106449127197266
6 0.8214015960693359 0.46873313188552856 0.539699137210846 0.014558792114257812 0.00795280933380127
2 0.8230317831039429 0.42581087350845337 0.6346164345741272 0.011989772319793701 0.016446471214294434
10 0.9035933613777161 0.468727707862854 0.5396861433982849 0.014589011669158936 0.007980942726135254
2 0.9159654378890991 0.44673627614974976 0.6345563530921936 0.011145532131195068 0.01145923137664795
2 0.9399011135101318 0.4336656928062439 0.6373773217201233 0.014797508716583252 0.013817787170410156
2 0.966866135597229 0.4957656264305115 0.6391718983650208 0.047849416732788086 0.05756556987762451
2 0.9839757084846497 0.3631625771522522 0.6686214804649353 0.09538781642913818 0.12010300159454346