2 0.35740193724632263 0.7695801258087158 0.690034031867981 0.0382084846496582 0.05208146572113037
5 0.3961417078971863 0.540736734867096 0.6608043313026428 0.03825569152832031 0.03958845138549805
2 0.42401599884033203 0.7858700752258301 0.6666421890258789 0.01552891731262207 0.00948798656463623
2 0.6038885712623596 0.7513633966445923 0.6667090058326721 0.037065744400024414 0.03289473056793213
10 0.6465897560119629 0.4924190044403076 0.46318721771240234 0.03528335690498352 0.01668626070022583
2 0.6502991914749146 0.3405359089374542 0.6569495797157288 0.05920994281768799 0.061533570289611816
7 0.6984847187995911 0.34041306376457214 0.6572940945625305 0.0591428279876709 0.06158900260925293
2 0.7281462550163269 0.37879160046577454 0.667151153087616 0.019799351692199707 0.019281625747680664
2 0.7811976671218872 0.4195876121520996 0.6674593091011047 0.011053979396820068 0.018279671669006348
5 0.8060174584388733 0.34067460894584656 0.6571755409240723 0.05860501527786255 0.06136345863342285
2 0.8401972055435181 0.411990225315094 0.6660086512565613 0.010484158992767334 0.01126408576965332
2 0.9735061526298523 0.5865334272384644 0.6915689706802368 0.07916688919067383 0.07425975799560547
2 0.976454496383667 0.8836904764175415 0.7247395515441895 0.22744619846343994 0.13803362846374512
2 0.978716254234314 0.4682122468948364 0.6977562308311462 0.09808555245399475 0.14308512210845947