2 0.2617608606815338 0.4071102738380432 0.6501736044883728 0.003577291965484619 0.013395547866821289
2 0.29083260893821716 0.4247951805591583 0.6505877375602722 0.007451653480529785 0.010551810264587402
2 0.3380208909511566 0.43278011679649353 0.6507158279418945 0.008785545825958252 0.011430859565734863
2 0.5465117692947388 0.5227074027061462 0.6522777676582336 0.007928848266601562 0.02226877212524414
6 0.7039270401000977 0.5296211242675781 0.5469315052032471 0.01696610450744629 0.00859212875366211
2 0.8575506806373596 0.4184783697128296 0.6510639786720276 0.01144343614578247 0.011016249656677246
10 0.9054456949234009 0.52962726354599 0.5469358563423157 0.01686728000640869 0.008570432662963867
2 0.9108064770698547 0.3995155990123749 0.6479173302650452 0.018263399600982666 0.022365331649780273
2 0.9742563962936401 0.3691426217556 0.6589182019233704 0.038378119468688965 0.034281134605407715
2 0.9750374555587769 0.4823766350746155 0.6813066601753235 0.08615124225616455 0.12867498397827148
2 0.977152943611145 0.5550875067710876 0.6630612015724182 0.05708301067352295 0.060367703437805176