6 0.2770521640777588 0.5021718740463257 0.5339254140853882 0.012665152549743652 0.0066977739334106445
0 0.30148839950561523 0.1381412148475647 0.6177636384963989 0.008188337087631226 0.03221392631530762
2 0.30276811122894287 0.43432965874671936 0.613117516040802 0.014225244522094727 0.01508176326751709
0 0.38036829233169556 0.6155303120613098 0.6115630865097046 0.009124398231506348 0.037369728088378906
6 0.45779141783714294 0.5008772015571594 0.4366486966609955 0.028636783361434937 0.014488637447357178
2 0.4979066252708435 0.10607464611530304 0.6219376921653748 0.04687821865081787 0.04630756378173828
2 0.5683891177177429 0.39082080125808716 0.6097750663757324 0.016384363174438477 0.014000892639160156
2 0.5746614336967468 0.3868773579597473 0.6147152781486511 0.011544227600097656 0.01175379753112793
2 0.6852800250053406 0.4186345040798187 0.6130110025405884 0.014486372470855713 0.010158061981201172
10 0.8912889361381531 0.5021686553955078 0.5338476300239563 0.012586712837219238 0.006625771522521973
10 0.9025312066078186 0.5007715225219727 0.43658629059791565 0.028321295976638794 0.014651775360107422
2 0.9284801483154297 0.4010988771915436 0.6158576607704163 0.020360887050628662 0.018781542778015137
2 0.9403833150863647 0.08490979671478271 0.6464504599571228 0.08768680691719055 0.09571719169616699
2 0.9680639505386353 0.4778410494327545 0.6418113112449646 0.09075456857681274 0.134330153465271
2 0.9724948406219482 0.5478175282478333 0.6267178058624268 0.05327439308166504 0.06142163276672363