2 0.2502838671207428 0.6202322244644165 0.6497430801391602 0.013709187507629395 0.012030363082885742
9 0.47023093700408936 0.5070011019706726 0.4567173421382904 0.04270899295806885 0.016116321086883545
2 0.582408607006073 0.43752217292785645 0.651231586933136 0.008310079574584961 0.013121485710144043
9 0.6858752369880676 0.6063477993011475 0.4542425870895386 0.04273045063018799 0.016240715980529785
4 0.7066087126731873 0.6063018441200256 0.4540235996246338 0.04248762130737305 0.016614794731140137
2 0.9043149948120117 0.46153342723846436 0.6499985456466675 0.01643824577331543 0.022757649421691895
2 0.9166550636291504 0.519878089427948 0.6509242653846741 0.017374157905578613 0.01839423179626465
2 0.9219393730163574 0.48902633786201477 0.6476172208786011 0.011845886707305908 0.014287590980529785
2 0.9455556273460388 0.44757944345474243 0.6559731960296631 0.02636820077896118 0.02432703971862793
2 0.9466658234596252 0.21476183831691742 0.682158350944519 0.066351979970932 0.05063438415527344
2 0.9586904048919678 0.4174271523952484 0.6570560932159424 0.021544158458709717 0.021500587463378906
2 0.959370493888855 0.32545894384384155 0.6687441468238831 0.02542698383331299 0.035178422927856445
2 0.9648523926734924 0.3529321551322937 0.6617165207862854 0.026783764362335205 0.023746848106384277
2 0.9723252058029175 0.3907355070114136 0.6632208228111267 0.03511703014373779 0.03228342533111572
2 0.9787440299987793 0.27100324630737305 0.6863674521446228 0.09956997632980347 0.08338940143585205