2 0.3090018630027771 0.4632716476917267 0.6898349523544312 0.013076186180114746 0.02104771137237549
2 0.412470281124115 0.6542823910713196 0.6708202362060547 0.03571128845214844 0.021837592124938965
2 0.6795608401298523 0.4961112141609192 0.6991528868675232 0.06471380591392517 0.09633433818817139
2 0.7142598032951355 0.4274240732192993 0.689894437789917 0.020476102828979492 0.019712090492248535
2 0.8307147026062012 0.4039226174354553 0.694089949131012 0.01066821813583374 0.018518447875976562
2 0.9248670339584351 0.07636119425296783 0.7500185370445251 0.14157512784004211 0.07893121242523193
2 0.9320341348648071 0.30760207772254944 0.7082579731941223 0.026779234409332275 0.03194689750671387
2 0.9350919127464294 0.44737276434898376 0.6909506916999817 0.031173884868621826 0.028151392936706543
2 0.9604094624519348 0.19260989129543304 0.7329868674278259 0.09759548306465149 0.06941688060760498
2 0.9688014984130859 0.3870028257369995 0.6997738480567932 0.037109553813934326 0.03438127040863037
2 0.9693335294723511 0.32987090945243835 0.7139708399772644 0.062467098236083984 0.05327129364013672