9 0.28860729932785034 0.44159165024757385 0.49057674407958984 0.031410157680511475 0.012385845184326172
4 0.36674419045448303 0.5132555365562439 0.4939900040626526 0.029873758554458618 0.012112736701965332
2 0.6572375297546387 0.36694392561912537 0.6346625685691833 0.02009350061416626 0.01702260971069336
4 0.6666174530982971 0.44162625074386597 0.49065276980400085 0.03136897087097168 0.012358903884887695
2 0.8249585032463074 0.2645584046840668 0.6388455033302307 0.02183622121810913 0.025075554847717285
2 0.9077184200286865 0.38769009709358215 0.6372464299201965 0.026764631271362305 0.022243380546569824
2 0.9474958181381226 0.09589173644781113 0.6508488655090332 0.08707483112812042 0.05533003807067871
2 0.9657008647918701 0.1564348191022873 0.6508409976959229 0.0895862877368927 0.05828368663787842
2 0.9670477509498596 0.33116835355758667 0.639516294002533 0.03427088260650635 0.028635501861572266
2 0.9703952074050903 0.28291815519332886 0.6464526057243347 0.05415308475494385 0.04300510883331299
2 0.9807490110397339 0.43646231293678284 0.672871470451355 0.1026771068572998 0.11039435863494873