0 0.31874167919158936 0.2222522348165512 0.6498801112174988 0.01047930121421814 0.043932318687438965
9 0.321083664894104 0.5018287301063538 0.5158154964447021 0.02544519305229187 0.009605169296264648
2 0.4605434536933899 0.4484681785106659 0.6320476531982422 0.007104635238647461 0.009511470794677734
2 0.7688031792640686 0.4813462197780609 0.6278817653656006 0.011171519756317139 0.013318896293640137
2 0.8696534037590027 0.4411827623844147 0.6340453624725342 0.012033283710479736 0.014253854751586914
2 0.8953871726989746 0.46803975105285645 0.6304593086242676 0.013740837574005127 0.01967155933380127
2 0.9092217683792114 0.5264634490013123 0.6357705593109131 0.019808053970336914 0.018709540367126465
2 0.9191370010375977 0.3859330117702484 0.6390862464904785 0.016112327575683594 0.02034890651702881
2 0.9357620477676392 0.4931119978427887 0.6303123831748962 0.011944055557250977 0.014833927154541016
2 0.9389684200286865 0.07799867540597916 0.6783360242843628 0.1567121297121048 0.10974526405334473
2 0.9405665397644043 0.4295845627784729 0.6371062994003296 0.020563244819641113 0.018932104110717773
2 0.9483223557472229 0.45864900946617126 0.6350797414779663 0.02159017324447632 0.019197821617126465
2 0.9692618250846863 0.4037949740886688 0.641017496585846 0.03145480155944824 0.03278005123138428
2 0.9770097732543945 0.3546483516693115 0.6474423408508301 0.050208330154418945 0.050486207008361816
2 0.9781805276870728 0.28269895911216736 0.6551954746246338 0.06301391124725342 0.04595756530761719