2 0.3733016848564148 0.6603828072547913 0.7299238443374634 0.03793632984161377 0.024463295936584473
2 0.4668722152709961 0.6243430376052856 0.7315468192100525 0.05279219150543213 0.047682762145996094
2 0.49517709016799927 0.6920021772384644 0.7126731276512146 0.03793179988861084 0.04457259178161621
0 0.504634439945221 0.4296470284461975 0.7197869420051575 0.025089740753173828 0.07541298866271973
6 0.5321046710014343 0.4712143838405609 0.6283882856369019 0.015194118022918701 0.007118344306945801
10 0.7538944482803345 0.4712720215320587 0.628313422203064 0.014794230461120605 0.007180571556091309
0 0.7795684337615967 0.36777132749557495 0.7229515314102173 0.025654494762420654 0.08533620834350586
2 0.8570451736450195 0.3540771007537842 0.7060545086860657 0.024872899055480957 0.02582848072052002
2 0.8937212228775024 0.5967501997947693 0.7060558199882507 0.05327475070953369 0.030622482299804688
2 0.9214087128639221 0.38783523440361023 0.7042694091796875 0.07046455144882202 0.03296816349029541
2 0.9425390362739563 0.5148287415504456 0.7651821970939636 0.1621863842010498 0.17944729328155518
10 0.9501699805259705 0.34423068165779114 0.5445477366447449 0.03777068853378296 0.013996362686157227
10 0.9551839828491211 0.44532063603401184 0.5421214699745178 0.036029040813446045 0.013877034187316895