0 0.3307417333126068 0.06377758085727692 0.6134007573127747 0.020328238606452942 0.06124615669250488
2 0.334789901971817 0.024543149396777153 0.6108989119529724 0.0490141399204731 0.04320859909057617
3 0.3745538592338562 0.3020707368850708 0.6004785299301147 0.039137959480285645 0.04081714153289795
1 0.3960958421230316 0.30245572328567505 0.6002803444862366 0.04118359088897705 0.042032718658447266
2 0.5118129849433899 0.4721199870109558 0.6529896259307861 0.2538275718688965 0.3073652982711792
9 0.7158160209655762 0.5515285134315491 0.8629633784294128 0.04621577262878418 0.026152491569519043
4 0.76540207862854 0.5515782237052917 0.8629052639007568 0.04598832130432129 0.025941133499145508
2 0.7930019497871399 0.671444296836853 0.5622268319129944 0.035219788551330566 0.02742946147918701
2 0.7988227009773254 0.9751166105270386 0.562246561050415 0.05005127191543579 0.07963192462921143
10 0.8268430233001709 0.4971075654029846 0.4995073974132538 0.014658719301223755 0.007197320461273193
2 0.8735842108726501 0.8290967345237732 0.630779504776001 0.3363933563232422 0.2602335214614868
2 0.8963319659233093 0.6247574687004089 0.5936276316642761 0.09047949314117432 0.09097611904144287
10 0.9378146529197693 0.416957288980484 0.4418592154979706 0.030990779399871826 0.01240307092666626
2 0.9446942210197449 0.35095682740211487 0.5813823938369751 0.04848712682723999 0.029459476470947266
10 0.9569258689880371 0.5020381212234497 0.4355770945549011 0.030037760734558105 0.012847542762756348