2 0.28228601813316345 0.9919878244400024 0.6565150022506714 0.01586747169494629 0.026969432830810547
5 0.2828587591648102 0.3292633295059204 0.6502180099487305 0.029097139835357666 0.020955801010131836
2 0.29337993264198303 0.6771619319915771 0.6919168829917908 0.06909525394439697 0.053763389587402344
2 0.3173113465309143 0.37984684109687805 0.6526823043823242 0.013915657997131348 0.006723999977111816
2 0.38428187370300293 0.4542013108730316 0.6594361066818237 0.008204340934753418 0.009723544120788574
6 0.386755108833313 0.4016985297203064 0.5866898894309998 0.017122626304626465 0.008321642875671387
2 0.48242470622062683 0.3916352391242981 0.6637669801712036 0.009243667125701904 0.0172271728515625
2 0.6166590452194214 0.4419427216053009 0.6578863859176636 0.008001625537872314 0.006840825080871582
10 0.7170318961143494 0.4017161428928375 0.5867042541503906 0.01709115505218506 0.008309245109558105
2 0.7315517663955688 0.8505443334579468 0.6516717672348022 0.02505195140838623 0.01937711238861084
2 0.740967869758606 0.3660872280597687 0.6625843048095703 0.01057136058807373 0.013498663902282715
2 0.7948798537254333 0.8754436373710632 0.6552575826644897 0.04559218883514404 0.03116452693939209
10 0.826485276222229 0.1895265132188797 0.4817107617855072 0.04810333251953125 0.016193091869354248
2 0.8275054097175598 0.9123580455780029 0.6737602949142456 0.0232999324798584 0.011776208877563477
2 0.8311948180198669 0.4135168790817261 0.6591610312461853 0.007184088230133057 0.008522987365722656
2 0.8600612282752991 0.8179645538330078 0.658327579498291 0.060487985610961914 0.03395724296569824
2 0.8723692893981934 0.40450939536094666 0.661768913269043 0.011658012866973877 0.012677192687988281
2 0.8756406307220459 0.39684557914733887 0.6631808280944824 0.008942902088165283 0.014760136604309082
2 0.8800903558731079 0.36202484369277954 0.6664348840713501 0.010416626930236816 0.017397284507751465
2 0.8970929980278015 0.46626436710357666 0.6621875762939453 0.018782615661621094 0.020389080047607422
2 0.9129528403282166 0.7773863673210144 0.6577521562576294 0.03846943378448486 0.032857418060302734
2 0.9243228435516357 0.32303673028945923 0.6682055592536926 0.026138603687286377 0.023546576499938965
2 0.9267987608909607 0.7070197463035583 0.6583631634712219 0.05641305446624756 0.02924191951751709
2 0.9300326704978943 0.10386726260185242 0.819177508354187 0.20570272207260132 0.3370025157928467
2 0.935463547706604 0.42916199564933777 0.6598405838012695 0.010014533996582031 0.011051416397094727
2 0.9370502233505249 0.3801479935646057 0.6648088097572327 0.02325618267059326 0.02232968807220459
10 0.9483059048652649 0.31335484981536865 0.47705209255218506 0.0451430082321167 0.016455233097076416
2 0.9536975622177124 0.34643223881721497 0.6670886278152466 0.024516820907592773 0.024196624755859375
2 0.9637430310249329 0.2896820306777954 0.6699004173278809 0.027323663234710693 0.026614069938659668