2 0.256608784198761 0.3172786235809326 0.6693810224533081 0.014306783676147461 0.018045425415039062
2 0.2809947729110718 0.3380168378353119 0.6532753705978394 0.02750617265701294 0.020907044410705566
2 0.30939045548439026 0.9285924434661865 0.6484663486480713 0.04054522514343262 0.03263747692108154
2 0.31827715039253235 0.8002220988273621 0.6458939909934998 0.013503313064575195 0.008758544921875
2 0.32267260551452637 0.013812480494379997 0.7625375390052795 0.027660008519887924 0.21784663200378418
2 0.3291924297809601 0.1610715091228485 0.659627377986908 0.014550834894180298 0.012361764907836914
5 0.3493591845035553 0.3377803862094879 0.6532033681869507 0.02707517147064209 0.021222591400146484
2 0.3497791588306427 0.9725339412689209 0.6484764814376831 0.05523306131362915 0.034043192863464355
2 0.35423630475997925 0.7111414074897766 0.655705988407135 0.025986671447753906 0.028550386428833008
6 0.36428630352020264 0.4064699411392212 0.593265175819397 0.0156518816947937 0.007224559783935547
2 0.41989099979400635 0.14322654902935028 0.6603702306747437 0.014418542385101318 0.01428532600402832
0 0.6215312480926514 0.7773821949958801 0.6755092144012451 0.024021387100219727 0.06998288631439209
2 0.6348056793212891 0.8574734330177307 0.659660816192627 0.03139793872833252 0.016993045806884766
2 0.6386765837669373 0.47366151213645935 0.659672737121582 0.013407468795776367 0.010504007339477539
2 0.6435256004333496 0.38218051195144653 0.6562012434005737 0.012529253959655762 0.011850476264953613
10 0.6997984647750854 0.24015027284622192 0.5173444151878357 0.039503827691078186 0.012190818786621094
2 0.7127427458763123 0.3954041004180908 0.6640120148658752 0.009746968746185303 0.016895055770874023
2 0.7253546714782715 0.4000081717967987 0.6634442210197449 0.008086144924163818 0.01308894157409668
2 0.7817010283470154 0.4179876744747162 0.6599705219268799 0.006373226642608643 0.007404923439025879
2 0.7998350858688354 0.48770225048065186 0.6660269498825073 0.028127551078796387 0.015985965728759766
2 0.8081398606300354 0.7463230490684509 0.6558523774147034 0.04582071304321289 0.028971552848815918
2 0.8228382468223572 0.46092164516448975 0.6603294610977173 0.010331332683563232 0.011231064796447754
2 0.8268361687660217 0.3318449556827545 0.6685894131660461 0.023171186447143555 0.020537972450256348
2 0.8658493757247925 0.3689388930797577 0.6665164232254028 0.00996851921081543 0.016585230827331543
2 0.8971304297447205 0.8122641444206238 0.6545572876930237 0.0323561429977417 0.026149868965148926
2 0.8992581963539124 0.407510906457901 0.6618286371231079 0.010287702083587646 0.01216578483581543
2 0.9150823950767517 0.7760298848152161 0.6573056578636169 0.05132472515106201 0.03176999092102051
10 0.9185321927070618 0.4065595865249634 0.5931691527366638 0.01538550853729248 0.0071697235107421875
2 0.9410605430603027 0.4261058270931244 0.6618050932884216 0.012160420417785645 0.0122145414352417
2 0.9430790543556213 0.38549983501434326 0.6650827527046204 0.020606696605682373 0.020574212074279785
2 0.9524717926979065 0.35437729954719543 0.6670705080032349 0.023311197757720947 0.02262437343597412
10 0.9656997323036194 0.34073829650878906 0.5120507478713989 0.03611564636230469 0.014525175094604492
2 0.9741958975791931 0.2215500771999359 0.7399979829788208 0.23821575939655304 0.18055248260498047