2 0.2747877836227417 0.48050084710121155 0.6314406991004944 0.003937959671020508 0.0047751665115356445
2 0.3340250551700592 0.9963415861129761 0.6545597314834595 0.007086515426635742 0.04319286346435547
2 0.4461292326450348 0.46056827902793884 0.6319225430488586 0.01001584529876709 0.010579824447631836
2 0.4910411238670349 0.42242690920829773 0.6253485679626465 0.01308518648147583 0.01302480697631836
6 0.5015312433242798 0.47128596901893616 0.5504074096679688 0.01761549711227417 0.007759809494018555
2 0.5866851806640625 0.46976175904273987 0.6316997408866882 0.005372464656829834 0.0057915449142456055
2 0.614432156085968 0.43923670053482056 0.6254817843437195 0.011674880981445312 0.009407997131347656
10 0.7480209469795227 0.432172954082489 0.4041464626789093 0.05439937114715576 0.018848419189453125
2 0.7846470475196838 0.3952574133872986 0.6349250078201294 0.019588887691497803 0.02077627182006836
10 0.8999154567718506 0.4713097810745239 0.550412654876709 0.017604410648345947 0.007749676704406738
2 0.9121864438056946 0.43135714530944824 0.6321924924850464 0.01437300443649292 0.013164639472961426
2 0.9219495058059692 0.41249942779541016 0.6354832649230957 0.020437896251678467 0.023282170295715332
2 0.9357356429100037 0.44824346899986267 0.6342827081680298 0.017851650714874268 0.018404841423034668
2 0.9502835869789124 0.6045481562614441 0.6423417329788208 0.05245339870452881 0.027558207511901855
2 0.9827021360397339 0.32575392723083496 0.6785044074058533 0.15792129933834076 0.13148045539855957
2 0.9839593768119812 0.519902229309082 0.6813443303108215 0.10662806034088135 0.1165083646774292