2 0.2854599058628082 0.42149442434310913 0.6019017100334167 0.021039843559265137 0.010723471641540527
2 0.4093693196773529 0.9041242599487305 0.73511803150177 0.18909966945648193 0.4525644779205322
2 0.4304868280887604 0.5139909982681274 0.6105557084083557 0.007368683815002441 0.0072356462478637695
6 0.6317011117935181 0.4958708882331848 0.5212593674659729 0.019745320081710815 0.00887596607208252
2 0.7791962027549744 0.8211266994476318 0.6402449011802673 0.12431526184082031 0.16164231300354004
2 0.7809715867042542 0.4200163185596466 0.6150715351104736 0.022520780563354492 0.02868819236755371
10 0.8423832654953003 0.3562975227832794 0.3679380714893341 0.05807685852050781 0.019254863262176514
10 0.8898736238479614 0.5155467391014099 0.36483678221702576 0.057666659355163574 0.020357489585876465
2 0.9006405472755432 0.3105432689189911 0.6344443559646606 0.026925504207611084 0.05901002883911133
10 0.91248619556427 0.4958617389202118 0.5212208032608032 0.019590437412261963 0.008917927742004395
2 0.9357292056083679 0.5253205895423889 0.6119765639305115 0.013676762580871582 0.016150951385498047
2 0.9429196715354919 0.38526585698127747 0.6146960854530334 0.03843557834625244 0.03323090076446533
2 0.9613443613052368 0.3545117676258087 0.6164646148681641 0.028125226497650146 0.030857563018798828
2 0.9696778059005737 0.5491015911102295 0.6221005320549011 0.03233945369720459 0.04386556148529053
2 0.974959671497345 0.6715989112854004 0.6325801610946655 0.06651663780212402 0.0763692855834961
2 0.9760017991065979 0.23198579251766205 0.6557010412216187 0.16510024666786194 0.16048455238342285
2 0.9772264361381531 0.4641351103782654 0.6512399911880493 0.10078081488609314 0.11830592155456543
2 0.9837827086448669 0.5993591547012329 0.6450987458229065 0.09980380535125732 0.10021352767944336