2 0.2792069911956787 0.65047687292099 0.6925188302993774 0.03389692306518555 0.029354453086853027
2 0.30613085627555847 0.4513700604438782 0.6877109408378601 0.007861733436584473 0.015104055404663086
6 0.4969649016857147 0.4734366238117218 0.6135731935501099 0.015365004539489746 0.007124781608581543
2 0.5939182043075562 0.14471618831157684 0.8106064796447754 0.28404393792152405 0.3785381317138672
10 0.5997631549835205 0.3349282145500183 0.520977795124054 0.040143370628356934 0.014025330543518066
2 0.6210065484046936 0.4419574439525604 0.6886905431747437 0.013292968273162842 0.01396167278289795
2 0.6218385696411133 0.4345510005950928 0.6894201636314392 0.013264179229736328 0.012311458587646484
6 0.7434202432632446 0.3351174294948578 0.5208694934844971 0.04014456272125244 0.013949871063232422
2 0.745810866355896 0.6750165224075317 0.6939034461975098 0.05701136589050293 0.02846705913543701
2 0.7623703479766846 0.4251924753189087 0.6886881589889526 0.012584328651428223 0.01284492015838623
2 0.8438499569892883 0.5333560109138489 0.7919727563858032 0.2276906967163086 0.29935336112976074
2 0.8596648573875427 0.3957831561565399 0.6883159279823303 0.015435755252838135 0.021247267723083496
10 0.9013431668281555 0.4735848009586334 0.6134841442108154 0.01536870002746582 0.007431387901306152
10 0.942593514919281 0.4440964162349701 0.5176535844802856 0.038107991218566895 0.014145612716674805
2 0.9667835831642151 0.37466421723365784 0.6926746964454651 0.02426856756210327 0.023887276649475098