6 0.2523500621318817 0.3703334331512451 0.5866435170173645 0.017905771732330322 0.008515715599060059
2 0.28103744983673096 0.997251033782959 0.6469327211380005 0.005537807941436768 0.03945612907409668
2 0.3164660632610321 0.9184263944625854 0.6376283168792725 0.02844524383544922 0.03266298770904541
2 0.3649173378944397 0.8301692605018616 0.6502528786659241 0.031085848808288574 0.03539931774139404
2 0.365257203578949 0.8054673671722412 0.6511579751968384 0.039916038513183594 0.0352175235748291
2 0.5785764455795288 0.6913355588912964 0.6563920974731445 0.05707573890686035 0.04340243339538574
2 0.5795757174491882 0.02175150439143181 0.8926138281822205 0.04339485615491867 0.21303892135620117
2 0.5807896256446838 0.35092970728874207 0.6623367667198181 0.014764368534088135 0.012059450149536133
1 0.5957043766975403 0.045148562639951706 0.7006798386573792 0.02122131735086441 0.02481865882873535
2 0.603165864944458 0.39840543270111084 0.6648395657539368 0.01616036891937256 0.008048057556152344
10 0.6464001536369324 0.3703748881816864 0.5865757465362549 0.018165767192840576 0.008674144744873047
2 0.684386134147644 0.4523622989654541 0.6629279255867004 0.01579880714416504 0.009766340255737305
2 0.7885478138923645 0.3646424412727356 0.6670878529548645 0.007697880268096924 0.009913325309753418
10 0.8179764747619629 0.2610686421394348 0.4571871757507324 0.05366544425487518 0.018504321575164795
2 0.844252347946167 0.38105177879333496 0.6649838089942932 0.012741923332214355 0.012889266014099121
10 0.8562486171722412 0.11783799529075623 0.4682803153991699 0.05649859458208084 0.01960146427154541
2 0.8661307096481323 0.34043681621551514 0.6701199412345886 0.010907948017120361 0.013274192810058594
2 0.8947049379348755 0.8569064140319824 0.6488780975341797 0.05586111545562744 0.03885853290557861
2 0.8960617780685425 0.5466583371162415 0.6653921604156494 0.05845010280609131 0.030567646026611328
2 0.9107728600502014 0.35420602560043335 0.6689605712890625 0.017838776111602783 0.01639533042907715
2 0.926767885684967 0.3028465807437897 0.6717010736465454 0.017482459545135498 0.02413034439086914
2 0.9394130706787109 0.8872482776641846 0.645027220249176 0.04736828804016113 0.038895487785339355
2 0.9461942911148071 0.9514434337615967 0.6423471570014954 0.0941319465637207 0.041968345642089844
2 0.9671468138694763 0.27214041352272034 0.677887499332428 0.028708159923553467 0.026774287223815918