2 0.3666062653064728 0.5107290148735046 0.6488099694252014 0.025861740112304688 0.011512041091918945
1 0.3670713007450104 0.12471388280391693 0.6816591024398804 0.019225992262363434 0.02335047721862793
6 0.42804181575775146 0.19328893721103668 0.4646661877632141 0.05010208487510681 0.017422914505004883
2 0.5418300628662109 0.9099928140640259 0.634999692440033 0.08037984371185303 0.040791988372802734
2 0.5552528500556946 0.4523857831954956 0.649878740310669 0.017564356327056885 0.008625030517578125
6 0.6515156626701355 0.42707088589668274 0.5758705139160156 0.017114579677581787 0.00798642635345459
2 0.7179863452911377 0.417857825756073 0.6523312926292419 0.008120894432067871 0.010166645050048828
2 0.7400265336036682 0.39285701513290405 0.6545590162277222 0.010283946990966797 0.012848854064941406
2 0.8412802815437317 0.9696733355522156 0.629439115524292 0.05958259105682373 0.040654540061950684
10 0.8571981191635132 0.4270450174808502 0.5757947564125061 0.01685190200805664 0.008114933967590332
2 0.8769240379333496 0.43499892950057983 0.6500036120414734 0.014627933502197266 0.013760805130004883
10 0.8810549378395081 0.1926468163728714 0.4651651382446289 0.052455902099609375 0.01817917823791504
10 0.8834657669067383 0.3247087001800537 0.4547346532344818 0.049346745014190674 0.017756640911102295
2 0.909756064414978 0.40519505739212036 0.6524805426597595 0.020502567291259766 0.01970851421356201
2 0.9146000742912292 0.36030086874961853 0.6567025184631348 0.016909480094909668 0.02354121208190918
2 0.9499524235725403 0.5657910108566284 0.6505843997001648 0.046987175941467285 0.027390360832214355
2 0.9667544364929199 0.3302673399448395 0.6620476245880127 0.027876317501068115 0.02598857879638672