0 0.26637694239616394 0.4891725480556488 0.908872127532959 0.5968922972679138 0.1948907971382141
0 0.288936972618103 0.5526845455169678 0.4686207175254822 0.028540968894958496 0.016256392002105713
0 0.33780625462532043 0.5250568389892578 0.4695838689804077 0.031230926513671875 0.021989047527313232
2 0.35996928811073303 0.5741779804229736 0.34230807423591614 0.014775991439819336 0.024562478065490723
6 0.5471289157867432 0.5984156131744385 0.3571813404560089 0.02242100238800049 0.007867813110351562
10 0.5724335312843323 0.8386272192001343 0.5062976479530334 0.09499514102935791 0.026899665594100952
7 0.5978748202323914 0.44918838143348694 0.5388891696929932 0.042854368686676025 0.13738465309143066
10 0.8340973258018494 0.3194795846939087 0.6528511047363281 0.6265865564346313 0.16751587390899658
0 0.8354797959327698 0.3941081166267395 0.46029359102249146 0.029755830764770508 0.030819475650787354
10 0.8535515069961548 0.0443260557949543 0.5318278074264526 0.08948277682065964 0.02695631980895996
0 0.938770055770874 0.7494082450866699 0.5330063104629517 0.11818301677703857 0.10100305080413818