4 0.31129732728004456 0.5784492492675781 0.5361465215682983 0.023910880088806152 0.006900668144226074
0 0.32177025079727173 0.46756529808044434 0.5035601854324341 0.028725147247314453 0.021359652280807495
7 0.3279220759868622 0.5574336051940918 0.5045850276947021 0.008230328559875488 0.02723240852355957
0 0.3445875644683838 0.5796217918395996 0.5075774192810059 0.023308157920837402 0.034543752670288086
3 0.36687716841697693 0.3900395631790161 0.5010980367660522 0.03455716371536255 0.032648295164108276
0 0.4092332720756531 0.3894772231578827 0.5011736750602722 0.035662055015563965 0.031861305236816406
4 0.46484696865081787 0.0339663028717041 0.611380398273468 0.05026371031999588 0.013443946838378906
3 0.4745435416698456 0.3391186594963074 0.4909130930900574 0.051370978355407715 0.02541494369506836
3 0.5671730041503906 0.5794676542282104 0.5075430274009705 0.023578882217407227 0.03446173667907715
6 0.5968180894851685 0.5968444347381592 0.4274015426635742 0.012215137481689453 0.005826354026794434
6 0.6732442378997803 0.5658693909645081 0.42771029472351074 0.014368057250976562 0.006025731563568115
0 0.8140529990196228 0.3385922610759735 0.5049585103988647 0.034446775913238525 0.029287904500961304
0 0.9184161424636841 0.12601254880428314 0.5352942943572998 0.1131955087184906 0.1277148723602295
0 0.926672637462616 0.43396684527397156 0.5168425440788269 0.05789893865585327 0.06509658694267273
0 0.9362308382987976 0.3679710924625397 0.5329331159591675 0.0880199670791626 0.07676994800567627
0 0.9394772052764893 0.300461083650589 0.5256564617156982 0.0656479001045227 0.0605010986328125
0 0.9481939673423767 0.5134047865867615 0.5286264419555664 0.06141543388366699 0.10742506384849548
0 0.9596335291862488 0.23575538396835327 0.5491171479225159 0.12785638868808746 0.12606501579284668
0 0.9637343287467957 0.6361600160598755 0.5395467281341553 0.09801959991455078 0.10156580805778503