1 0.38957953453063965 0.9563994407653809 0.3297295570373535 0.06537306308746338 0.12990283966064453
6 0.4477684497833252 0.34609878063201904 0.33963125944137573 0.020878493785858154 0.01237720251083374
6 0.4752967953681946 0.3847510814666748 0.338328093290329 0.019931256771087646 0.01225966215133667
0 0.4910801649093628 0.17311522364616394 0.5190755724906921 0.01816338300704956 0.024575471878051758
0 0.5140727162361145 0.14495202898979187 0.5199963450431824 0.020298779010772705 0.02449953556060791
0 0.578709602355957 0.08447103202342987 0.516217827796936 0.05120988190174103 0.03550839424133301
0 0.5985298752784729 0.7461783289909363 0.49644285440444946 0.026636242866516113 0.02381715178489685
0 0.6919006705284119 0.13177159428596497 0.5197771191596985 0.04587060213088989 0.026108860969543457
19 0.8054753541946411 0.4046759307384491 0.560598611831665 0.026593565940856934 0.02250218391418457
0 0.8967498540878296 0.2070559561252594 0.5164631009101868 0.05452802777290344 0.07005691528320312
0 0.9063977003097534 0.6601921916007996 0.501699686050415 0.053052425384521484 0.026287108659744263
3 0.9552283883094788 0.48053187131881714 0.5215932726860046 0.1129002571105957 0.15176859498023987