6 0.2781693637371063 0.21754306554794312 0.021979499608278275 0.084170401096344 0.03979950398206711
5 0.3261733055114746 0.29286181926727295 0.6212633848190308 0.1616334766149521 0.020797014236450195
3 0.37300199270248413 0.30375149846076965 0.5371849536895752 0.0126304030418396 0.03146159648895264
1 0.41693437099456787 0.3840157389640808 0.013413827866315842 0.08756059408187866 0.02624194324016571
21 0.46774885058403015 0.5574490427970886 0.5333039164543152 0.020031094551086426 0.044132351875305176
0 0.529700517654419 0.5568976402282715 0.5355983972549438 0.018727779388427734 0.04017448425292969
6 0.57194983959198 0.3832886815071106 0.013477535918354988 0.08763492107391357 0.026025984436273575
1 0.6407368183135986 0.611411452293396 0.3045326769351959 0.020825862884521484 0.035536110401153564
3 0.6705687046051025 0.6710560321807861 0.5671320557594299 0.15008533000946045 0.20910847187042236
0 0.7418761849403381 0.12281596660614014 0.6797986626625061 0.24302953481674194 0.4556457996368408
0 0.7960874438285828 0.6703162789344788 0.5670497417449951 0.15050053596496582 0.2091895341873169
10 0.8239662647247314 0.48675161600112915 0.643907904624939 0.5311976671218872 0.0572737455368042
2 0.8302725553512573 0.5908117890357971 0.30474853515625 0.020736217498779297 0.03464162349700928
0 0.8456599712371826 0.24016812443733215 0.5444784164428711 0.05846641957759857 0.04276597499847412
0 0.9141122102737427 0.5841090679168701 0.5523843169212341 0.05853748321533203 0.09430050849914551
3 0.9316000938415527 0.4995231032371521 0.5408896207809448 0.09178698062896729 0.17666330933570862
0 0.9338545203208923 0.3540055453777313 0.5471653938293457 0.09379041194915771 0.16150927543640137
0 0.9412229657173157 0.4286436438560486 0.5524733662605286 0.06082761287689209 0.0809640884399414