6 0.2806936204433441 0.5274367332458496 0.3691803812980652 0.024686336517333984 0.011091411113739014
8 0.2943520247936249 0.6454823613166809 0.5541377067565918 0.03205728530883789 0.01334524154663086
10 0.2957351803779602 0.5212650299072266 0.5375699400901794 0.256468802690506 0.016022086143493652
0 0.36790934205055237 0.4091321527957916 0.5056080222129822 0.015210986137390137 0.016666412353515625
2 0.3771394193172455 0.48280078172683716 0.3484686613082886 0.016436219215393066 0.026976466178894043
21 0.3937990367412567 0.42898130416870117 0.49182409048080444 0.026290953159332275 0.016708731651306152
3 0.46357887983322144 0.4392193853855133 0.505424439907074 0.02069723606109619 0.020992547273635864
7 0.5376788973808289 0.12089933454990387 0.5198001861572266 0.008363544940948486 0.024883747100830078
0 0.5921385884284973 0.5111150741577148 0.4975241422653198 0.026654213666915894 0.015899658203125
0 0.6484261751174927 0.4389859735965729 0.5056694149971008 0.02050548791885376 0.020825743675231934
14 0.7125381827354431 0.6453751921653748 0.5540683269500732 0.03296804428100586 0.013509154319763184
0 0.7872903347015381 0.4576523005962372 0.5062225461006165 0.01710301637649536 0.018512487411499023
0 0.7934216260910034 0.39753925800323486 0.5088719725608826 0.018999159336090088 0.018430352210998535
0 0.8346145153045654 0.4182347059249878 0.5094547867774963 0.017505764961242676 0.01530766487121582
21 0.8410689234733582 0.08184210956096649 0.5064057111740112 0.08190187811851501 0.0543978214263916
3 0.8445082902908325 0.1442643702030182 0.5154149532318115 0.053600460290908813 0.03773412108421326
0 0.8488402366638184 0.1785363107919693 0.5184614062309265 0.025025278329849243 0.026013612747192383
21 0.8603507876396179 0.47134435176849365 0.4952966570854187 0.02144402265548706 0.029892325401306152
0 0.888985812664032 0.5125532150268555 0.5186761021614075 0.03271842002868652 0.03382515907287598
8 0.8937446475028992 0.5817976593971252 0.5532903671264648 0.0229872465133667 0.01402139663696289
3 0.9003233909606934 0.5410926342010498 0.5016534328460693 0.015787601470947266 0.023764848709106445
8 0.9060664772987366 0.42962074279785156 0.552526593208313 0.020000934600830078 0.012359857559204102
8 0.9328693151473999 0.507033109664917 0.5529834628105164 0.015077471733093262 0.014032721519470215
21 0.9563449025154114 0.5893774032592773 0.4890340566635132 0.08504331111907959 0.10469961166381836
0 0.9693158864974976 0.33568617701530457 0.5555483102798462 0.13188976049423218 0.1537875235080719