4 0.2534875273704529 0.2778736352920532 0.5706613063812256 0.08838354051113129 0.01852273941040039
6 0.30338186025619507 0.5556890368461609 0.4406161606311798 0.01230919361114502 0.0054656267166137695
0 0.530250072479248 0.6309473514556885 0.5027250051498413 0.019303321838378906 0.015332937240600586
0 0.5606397390365601 0.5312818288803101 0.5098289847373962 0.015570521354675293 0.03349652886390686
0 0.5765037536621094 0.40895169973373413 0.5050349831581116 0.029440581798553467 0.018424034118652344
0 0.5921078324317932 0.37947148084640503 0.5019276738166809 0.034852027893066406 0.02329578995704651
5 0.63311767578125 0.11689289659261703 0.5970860123634338 0.14487482607364655 0.04304790496826172
0 0.6720892190933228 0.6130605340003967 0.5056324005126953 0.01648092269897461 0.01618945598602295
0 0.703489363193512 0.06770611554384232 0.5256516933441162 0.05059314891695976 0.031415700912475586
0 0.7438693046569824 0.1314382255077362 0.5397756695747375 0.07597663998603821 0.08504363894462585
0 0.7496622800827026 0.5630578994750977 0.507271945476532 0.019815802574157715 0.02625402808189392
0 0.7921674847602844 0.4554697275161743 0.5068845748901367 0.037253379821777344 0.032950371503829956
0 0.8583502173423767 0.024123456329107285 0.5663116574287415 0.04829876869916916 0.1343456208705902
0 0.8774141073226929 0.22509153187274933 0.5356727242469788 0.12636616826057434 0.10871875286102295
5 0.8829197883605957 0.7729279398918152 0.6775406002998352 0.22898566722869873 0.0814276933670044
5 0.8982864022254944 0.8517548441886902 0.6119881272315979 0.14987421035766602 0.033362388610839844
5 0.8991199135780334 0.5274525284767151 0.6878377795219421 0.2550656795501709 0.07247054576873779
0 0.9127238988876343 0.509238600730896 0.5165324211120605 0.036783963441848755 0.05940690636634827
0 0.9291191101074219 0.4187002182006836 0.5218672156333923 0.04839068651199341 0.04374992847442627
0 0.9343467354774475 0.3604133129119873 0.525761067867279 0.06890261173248291 0.06268128752708435
0 0.9418867826461792 0.294318825006485 0.520280122756958 0.07891744375228882 0.06985589861869812
8 0.9631476402282715 0.5109899044036865 0.6054699420928955 0.02588820457458496 0.04979825019836426
0 0.9661940336227417 0.6901043057441711 0.5608351230621338 0.15315556526184082 0.15284320712089539