0 0.2836032509803772 0.5495025515556335 0.5372306108474731 0.01434636116027832 0.06594908237457275
3 0.2843441963195801 0.14892274141311646 0.5079432725906372 0.0771724283695221 0.05830788612365723
2 0.3147241771221161 0.5964378118515015 0.34929990768432617 0.01593339443206787 0.026886820793151855
3 0.3731343448162079 0.5493635535240173 0.5380464792251587 0.014886736869812012 0.06282210350036621
3 0.6154587268829346 0.3801597058773041 0.501761257648468 0.04693329334259033 0.04668092727661133
6 0.7599151134490967 0.4665592610836029 0.2405499815940857 0.04503375291824341 0.01989339292049408
6 0.8188760280609131 0.37705832719802856 0.2412368357181549 0.04395204782485962 0.018938958644866943
0 0.9032009243965149 0.5773623585700989 0.5398642420768738 0.04783225059509277 0.09929260611534119
0 0.9042412042617798 0.6580117344856262 0.5593704581260681 0.15185081958770752 0.23446917533874512
0 0.9345995783805847 0.1838030070066452 0.5308700203895569 0.03651076555252075 0.0521852970123291
0 0.9430468082427979 0.04261523485183716 0.5386731028556824 0.08441983163356781 0.07908043265342712
0 0.9475770592689514 0.8542637228965759 0.5263993144035339 0.09030318260192871 0.09456384181976318
3 0.949454665184021 0.49754026532173157 0.5278710722923279 0.09423571825027466 0.1814413070678711
0 0.9609980583190918 0.26913702487945557 0.5418978929519653 0.14286500215530396 0.22216415405273438
0 0.9631778597831726 0.39871159195899963 0.5419197082519531 0.08816474676132202 0.09435394406318665
0 0.9667004346847534 0.10435899347066879 0.5403082370758057 0.10561110079288483 0.08120512962341309