10 0.27781766653060913 0.3068857192993164 0.5477384328842163 0.1011819839477539 0.017028450965881348
6 0.2990533411502838 0.2995363473892212 0.32149529457092285 0.022829174995422363 0.014238834381103516
6 0.32415667176246643 0.3436150550842285 0.3183882534503937 0.023593902587890625 0.01348346471786499
12 0.47756239771842957 0.3348225951194763 0.5715698003768921 0.06549882888793945 0.0061637163162231445
10 0.5007855892181396 0.5744032263755798 0.5379078984260559 0.07062339782714844 0.012222766876220703
3 0.6106789708137512 0.39054644107818604 0.510538637638092 0.0721062421798706 0.1118367612361908
0 0.6647697687149048 0.03981723263859749 0.5317042469978333 0.03006591834127903 0.03504133224487305
12 0.7283697724342346 0.5286098122596741 0.5515923500061035 0.08283063769340515 0.009679317474365234
0 0.8255046606063843 0.7591885328292847 0.49990037083625793 0.04244565963745117 0.03019052743911743
14 0.882337749004364 0.3523443341255188 0.6043207049369812 0.03564929962158203 0.046149373054504395
0 0.9374797940254211 0.6584517359733582 0.5056801438331604 0.06132328510284424 0.0336470901966095
0 0.9474138021469116 0.08425143361091614 0.5531458854675293 0.09626486897468567 0.12552356719970703