3 0.477897971868515 0.268776535987854 0.517983078956604 0.016102373600006104 0.01764059066772461
10 0.6798481345176697 0.5310319662094116 0.7293964624404907 0.4975130558013916 0.14959383010864258
2 0.7936835885047913 0.5868555307388306 0.25638246536254883 0.02492213249206543 0.0421665757894516
0 0.8412191271781921 0.30656537413597107 0.5347718596458435 0.016776680946350098 0.023627638816833496
0 0.8647878170013428 0.5457937717437744 0.5277756452560425 0.027074217796325684 0.04058575630187988
0 0.8842201232910156 0.7389351725578308 0.5218619108200073 0.04142284393310547 0.05024102330207825
1 0.886106014251709 0.6118379831314087 0.2556709349155426 0.02463710308074951 0.04193305969238281
0 0.9106084108352661 0.35838261246681213 0.540513277053833 0.07521504163742065 0.13938939571380615
0 0.9145660996437073 0.16749244928359985 0.684218168258667 0.33300256729125977 0.4196211099624634
0 0.9220317602157593 0.28847065567970276 0.5367639064788818 0.03383827209472656 0.03338503837585449
0 0.9329344034194946 0.42750272154808044 0.5459427237510681 0.040940940380096436 0.07503783702850342
3 0.9479731917381287 0.4876030683517456 0.5359355807304382 0.08755084872245789 0.17357325553894043
0 0.9505984783172607 0.5734382271766663 0.5444750785827637 0.05466198921203613 0.08593559265136719
0 0.9543477892875671 0.6507275700569153 0.5589362382888794 0.14115524291992188 0.19005656242370605