4 0.36710596084594727 0.3640924096107483 0.5444564819335938 0.014890432357788086 0.007453322410583496
21 0.461477667093277 0.8746145367622375 0.45439204573631287 0.24821841716766357 0.5037463307380676
0 0.463085412979126 0.15107518434524536 0.5400230288505554 0.048496901988983154 0.07328546047210693
0 0.6578107476234436 0.29588890075683594 0.5020526647567749 0.020643413066864014 0.01836332678794861
1 0.7600464224815369 0.5615273118019104 0.408130019903183 0.014512896537780762 0.017927229404449463
21 0.810941755771637 0.3611661493778229 0.4860836863517761 0.03418499231338501 0.03337165713310242
0 0.8353238701820374 0.18837477266788483 0.5328297019004822 0.12022814154624939 0.10352745652198792
0 0.8536956310272217 0.5300396680831909 0.506210446357727 0.02157902717590332 0.01854303479194641
0 0.8715845942497253 0.5011837482452393 0.5049678683280945 0.023111969232559204 0.02628418803215027
3 0.8808202147483826 0.5578879117965698 0.5011287927627563 0.02168405055999756 0.028497934341430664
21 0.8986550569534302 0.31424665451049805 0.4772723913192749 0.06531620025634766 0.03385210037231445
10 0.9036375880241394 0.32173648476600647 0.6658041477203369 0.6246079802513123 0.12189948558807373
0 0.9377192854881287 0.3748645782470703 0.5130975842475891 0.04058575630187988 0.05205008387565613
0 0.942451536655426 0.32506927847862244 0.5263093709945679 0.06805270910263062 0.07597097754478455
0 0.9450798034667969 0.24502386152744293 0.5423288345336914 0.10576948523521423 0.11390197277069092
21 0.9454545974731445 0.41867709159851074 0.4868205785751343 0.06939786672592163 0.07658359408378601
0 0.9473709464073181 0.09710325300693512 0.544309675693512 0.09710395336151123 0.07669317722320557
0 0.9506890773773193 0.46736234426498413 0.5182643532752991 0.057068049907684326 0.06745004653930664