1 0.2860634922981262 0.6192408204078674 0.32797035574913025 0.017895936965942383 0.03035062551498413
0 0.2937610149383545 0.14446793496608734 0.5291752815246582 0.033533722162246704 0.018365859985351562
1 0.3206281065940857 0.9530972242355347 0.15086734294891357 0.08941125869750977 0.054152488708496094
10 0.4912690222263336 0.2618749141693115 0.5967895984649658 0.5149383544921875 0.0323256254196167
6 0.5550749897956848 0.32777687907218933 0.16680073738098145 0.058184802532196045 0.026874661445617676
0 0.5813124775886536 0.565820038318634 0.5247184038162231 0.01688539981842041 0.02062809467315674
2 0.5950080752372742 0.6013244390487671 0.32876113057136536 0.01779305934906006 0.03013777732849121
3 0.7793832421302795 0.2528720200061798 0.5039682984352112 0.06899154186248779 0.14716744422912598
6 0.8578179478645325 0.44497236609458923 0.16103129088878632 0.06025850772857666 0.02795693278312683
0 0.9123397469520569 0.17759466171264648 0.5424791574478149 0.05105644464492798 0.0490269660949707
3 0.9249850511550903 0.5153492093086243 0.5321078300476074 0.10429465770721436 0.18266594409942627
0 0.9304862022399902 0.3314524292945862 0.5440763831138611 0.11685359477996826 0.18993237614631653
0 0.9322294592857361 0.5962612628936768 0.5439473986625671 0.05568361282348633 0.09827661514282227
0 0.9324274659156799 0.6842485070228577 0.5582926273345947 0.15791356563568115 0.22757470607757568
0 0.9397897124290466 0.4260489344596863 0.5470876693725586 0.07803463935852051 0.08764278888702393
3 0.9494282603263855 0.0482218861579895 0.5403030514717102 0.09637343883514404 0.11042258143424988
0 0.959865152835846 0.947609543800354 0.5293274521827698 0.10473811626434326 0.12873506546020508