3 0.256166011095047 0.2979789674282074 0.5149204730987549 0.02951681613922119 0.017408370971679688
21 0.27301928400993347 0.4156400263309479 0.5201445817947388 0.02512645721435547 0.047661662101745605
0 0.28892001509666443 0.2516079545021057 0.543763279914856 0.012617826461791992 0.039876461029052734
12 0.31142887473106384 0.47917988896369934 0.7994509339332581 0.6065341830253601 0.04031670093536377
3 0.32477033138275146 0.5140228867530823 0.4971839487552643 0.017464518547058105 0.04289978742599487
1 0.43754857778549194 0.5861941576004028 0.3721470832824707 0.014175057411193848 0.02266824245452881
0 0.592302143573761 0.388445109128952 0.5310390591621399 0.01927405595779419 0.02080059051513672
3 0.6666149497032166 0.3040403127670288 0.5201799273490906 0.022313058376312256 0.027053236961364746
0 0.6925283670425415 0.5201041102409363 0.5433510541915894 0.019755840301513672 0.06198716163635254
0 0.7169202566146851 0.5387002229690552 0.5422985553741455 0.03069162368774414 0.09904599189758301
3 0.7263889908790588 0.41571223735809326 0.5159021615982056 0.02588486671447754 0.05811011791229248
6 0.8694813847541809 0.46230998635292053 0.30419111251831055 0.03522014617919922 0.015062391757965088
6 0.8893126249313354 0.39057353138923645 0.30600443482398987 0.03454405069351196 0.014679670333862305
3 0.917734682559967 0.46923771500587463 0.5339989066123962 0.09765118360519409 0.1753768026828766
0 0.9249818325042725 0.2757108807563782 0.5417919158935547 0.05051600933074951 0.04808664321899414
0 0.9291397333145142 0.7649843096733093 0.52005934715271 0.06395721435546875 0.07226595282554626
0 0.9539251327514648 0.6064853072166443 0.565557062625885 0.13856327533721924 0.22316023707389832
0 0.9654557108879089 0.164912611246109 0.5659141540527344 0.17850522696971893 0.25952479243278503
0 0.9655241370201111 0.343477338552475 0.5558067560195923 0.10055512189865112 0.10412883758544922