0 0.3426611125469208 0.7346192598342896 0.49159470200538635 0.034283995628356934 0.02441483736038208
12 0.3501700460910797 0.30690643191337585 0.6128539443016052 0.15324075520038605 0.011318325996398926
7 0.40482550859451294 0.5204606652259827 0.515788733959198 0.013512730598449707 0.03832992911338806
3 0.6135457754135132 0.312178373336792 0.5123793482780457 0.09268611669540405 0.1004091203212738
14 0.7156186103820801 0.2758946120738983 0.6953558921813965 0.06632494926452637 0.12115132808685303
10 0.7840079665184021 0.5957920551300049 0.5506641268730164 0.1005171537399292 0.01755702495574951
10 0.8243755102157593 0.2874021828174591 0.5632568001747131 0.20804929733276367 0.027885913848876953
12 0.8727428317070007 0.5379914045333862 0.57253497838974 0.10692024230957031 0.01407623291015625
0 0.8989891409873962 0.029613103717565536 0.5552641749382019 0.05948183685541153 0.08595812320709229
0 0.9223079681396484 0.7860239744186401 0.4986696243286133 0.055300116539001465 0.03668984770774841
0 0.9337118268013 0.6753324866294861 0.5052096843719482 0.06795430183410645 0.040887922048568726