0 0.2825978398323059 0.1774531602859497 0.503395140171051 0.020865678787231445 0.014096736907958984
3 0.3371352255344391 0.14363980293273926 0.49648863077163696 0.05230516195297241 0.030991047620773315
3 0.3382207155227661 0.3331550657749176 0.4825645685195923 0.04909944534301758 0.015310525894165039
3 0.3879982531070709 0.27725666761398315 0.4915798306465149 0.04755598306655884 0.029512643814086914
0 0.5231133699417114 0.5852473378181458 0.501298189163208 0.026757240295410156 0.026031047105789185
7 0.5420737266540527 0.5595608949661255 0.5043681859970093 0.010964393615722656 0.031395286321640015
5 0.5457410216331482 0.7047606706619263 0.5401725769042969 0.07792031764984131 0.006984829902648926
0 0.7099139094352722 0.6509361863136292 0.5035708546638489 0.018196940422058105 0.01954898238182068
0 0.7699075937271118 0.2476530373096466 0.5052524209022522 0.06024785339832306 0.03214201331138611
0 0.8135630488395691 0.45524486899375916 0.5158329010009766 0.035174548625946045 0.052109718322753906
0 0.8540233969688416 0.3419536352157593 0.5112072229385376 0.06556582450866699 0.04762375354766846
0 0.9201658368110657 0.864246129989624 0.540716826915741 0.2732587456703186 0.3022996187210083
0 0.9323427677154541 0.41098618507385254 0.5199033617973328 0.07795387506484985 0.08500003814697266
0 0.9486557245254517 0.604069709777832 0.5237648487091064 0.06212282180786133 0.06920874118804932
0 0.9572880864143372 0.21615669131278992 0.5382789969444275 0.11434280872344971 0.09190550446510315
0 0.9580965042114258 0.08818882703781128 0.5691279172897339 0.17607104778289795 0.19122251868247986
0 0.9622012972831726 0.30874329805374146 0.5514106750488281 0.1337120532989502 0.10600259900093079
0 0.9623856544494629 0.5144193768501282 0.54523104429245 0.09294307231903076 0.17069879174232483