3 0.2544063627719879 0.46079328656196594 0.5101458430290222 0.015842854976654053 0.024091482162475586
0 0.26962292194366455 0.509748101234436 0.5084840655326843 0.01984691619873047 0.014479517936706543
0 0.3212452232837677 0.30900776386260986 0.5105015635490417 0.028204143047332764 0.016092896461486816
0 0.3249499797821045 0.5615234971046448 0.5124672055244446 0.019617676734924316 0.026366084814071655
3 0.3418729901313782 0.30889227986335754 0.5107534527778625 0.028639912605285645 0.016336441040039062
0 0.43144869804382324 0.541703999042511 0.5079691410064697 0.021381855010986328 0.019977480173110962
1 0.5530622005462646 0.556248664855957 0.4374614655971527 0.011800050735473633 0.013648509979248047
6 0.5567131042480469 0.44967105984687805 0.23940858244895935 0.04979252815246582 0.02339470386505127
10 0.5750210881233215 0.32245922088623047 0.5661724805831909 0.5972898006439209 0.034903764724731445
6 0.5770956873893738 0.5628982782363892 0.24085989594459534 0.04938912391662598 0.022717460989952087
21 0.6192672848701477 0.3968883156776428 0.49189913272857666 0.022491872310638428 0.016035020351409912
0 0.7053791880607605 0.40643611550331116 0.5110470056533813 0.015135109424591064 0.021552205085754395
21 0.7833150029182434 0.3669385612010956 0.4917425811290741 0.04699814319610596 0.02708381414413452
0 0.7888190150260925 0.5102550983428955 0.5177919864654541 0.02147480845451355 0.02109551429748535
3 0.8044270873069763 0.5615249276161194 0.5122596621513367 0.019797325134277344 0.026965022087097168
21 0.8119663596153259 0.805869996547699 0.48179322481155396 0.38957488536834717 0.4680190086364746
21 0.8206548094749451 0.4464190602302551 0.4956129491329193 0.045100510120391846 0.050499141216278076
0 0.8320913910865784 0.541843056678772 0.5191165804862976 0.024421095848083496 0.024202466011047363
0 0.933355450630188 0.38432204723358154 0.5256181359291077 0.04214668273925781 0.05285045504570007
0 0.9370183348655701 0.306650847196579 0.5287505984306335 0.04121202230453491 0.04101598262786865
0 0.9377861618995667 0.3443107008934021 0.522571861743927 0.04946577548980713 0.05384838581085205
0 0.9421718120574951 0.43573978543281555 0.5350562930107117 0.0651969313621521 0.07748544216156006
0 0.9428392052650452 0.25987744331359863 0.5307464003562927 0.05383962392807007 0.044248342514038086