3 0.2978450357913971 0.8477964997291565 0.47782987356185913 0.03768455982208252 0.036674559116363525
8 0.3001422882080078 0.12222054600715637 0.859369158744812 0.09216004610061646 0.17571163177490234
6 0.6203171014785767 0.2759014368057251 0.22549445927143097 0.03298228979110718 0.020032495260238647
12 0.8183717727661133 0.578011691570282 0.6162111759185791 0.15651094913482666 0.02855992317199707
12 0.8360562920570374 0.2200419157743454 0.7092016935348511 0.2408861219882965 0.03450655937194824
10 0.8738552927970886 0.6560861468315125 0.5763577222824097 0.150071382522583 0.031478047370910645
10 0.8940672278404236 0.24020889401435852 0.5870440006256104 0.2706323266029358 0.045844435691833496
3 0.9068765044212341 0.23728437721729279 0.5152841210365295 0.08130225539207458 0.08853268623352051
0 0.9199247360229492 0.9128979444503784 0.49288055300712585 0.043262481689453125 0.043905556201934814
0 0.9340158700942993 0.7166030406951904 0.5070618987083435 0.08154129981994629 0.04799357056617737
0 0.9478455781936646 0.8323513865470886 0.500784158706665 0.05884051322937012 0.042629629373550415