0 0.3049953579902649 0.5304608345031738 0.50294429063797 0.023246288299560547 0.02067205309867859
0 0.335869699716568 0.557776927947998 0.5077210664749146 0.01949787139892578 0.02506682276725769
10 0.3403272032737732 0.10540269315242767 0.5671533942222595 0.21304991841316223 0.036213040351867676
3 0.3436007499694824 0.4463621973991394 0.5095984935760498 0.018317878246307373 0.02447018027305603
12 0.3975507318973541 0.8701825141906738 0.5361368656158447 0.13963115215301514 0.011386513710021973
0 0.4554092288017273 0.49000635743141174 0.5031152963638306 0.012223780155181885 0.012120813131332397
0 0.5221294164657593 0.4460943043231964 0.509608805179596 0.01874411106109619 0.024662017822265625
10 0.6042162775993347 0.6003643870353699 0.6776920557022095 0.6225227117538452 0.09360897541046143
3 0.6318680047988892 0.5468343496322632 0.5009363293647766 0.014548301696777344 0.022878050804138184
21 0.634876549243927 0.3992975652217865 0.49160850048065186 0.0454522967338562 0.024489998817443848
3 0.6578658819198608 0.9237933158874512 0.5006881952285767 0.046604275703430176 0.04689455032348633
0 0.6796536445617676 0.35914337635040283 0.5110769271850586 0.022494852542877197 0.022974878549575806
3 0.6922764182090759 0.5578715205192566 0.5077439546585083 0.01920318603515625 0.02523672580718994
10 0.6991156339645386 0.326823353767395 0.6834501028060913 0.6153302192687988 0.0825037956237793
0 0.7985482811927795 0.9894757270812988 0.49983906745910645 0.020401835441589355 0.0320868194103241
0 0.8066184520721436 0.5304202437400818 0.5120389461517334 0.02737569808959961 0.0330045223236084
0 0.8119316697120667 0.5107969045639038 0.5106217861175537 0.01989448070526123 0.024708479642868042
10 0.8664724826812744 0.8707596063613892 0.5685238242149353 0.18305587768554688 0.07155823707580566
0 0.879641056060791 0.941375195980072 0.5080544948577881 0.0489574670791626 0.037979841232299805
0 0.8907911777496338 0.8792099356651306 0.5113362669944763 0.05780160427093506 0.04226839542388916
21 0.8949571251869202 0.45971065759658813 0.49594229459762573 0.03448063135147095 0.043079107999801636
0 0.9211130738258362 0.36815890669822693 0.516651451587677 0.029914259910583496 0.03019702434539795
0 0.9354162812232971 0.8475985527038574 0.5103083252906799 0.04411661624908447 0.03666996955871582
0 0.945265531539917 0.3336327075958252 0.5193439722061157 0.035086214542388916 0.030332207679748535
0 0.9679502844810486 0.4136299192905426 0.5360040664672852 0.07725602388381958 0.09180104732513428
21 0.9690821766853333 0.6786026954650879 0.47447478771209717 0.20426106452941895 0.2577017545700073