5 0.41358816623687744 0.6897587180137634 0.5370849967002869 0.06831216812133789 0.0060569047927856445
7 0.4332156181335449 0.5505238771438599 0.5063263773918152 0.010513663291931152 0.04012235999107361
3 0.46410199999809265 0.1856311708688736 0.4888753890991211 0.027102410793304443 0.016737043857574463
0 0.5179941058158875 0.1972973644733429 0.5036677122116089 0.022321701049804688 0.01680147647857666
7 0.5185582637786865 0.559049665927887 0.5036985874176025 0.008514881134033203 0.029141545295715332
6 0.5503050684928894 0.6001938581466675 0.42164096236228943 0.014459848403930664 0.0061757564544677734
0 0.5651952028274536 0.2128888964653015 0.5051804184913635 0.02427518367767334 0.016010016202926636
0 0.6295209527015686 0.4615759253501892 0.5012093782424927 0.03498578071594238 0.024707823991775513
0 0.6442087888717651 0.38568976521492004 0.4939299523830414 0.022745370864868164 0.024700701236724854
0 0.646048367023468 0.3279722332954407 0.5028447508811951 0.058468401432037354 0.03303122520446777
0 0.6810405850410461 0.04586145281791687 0.5422652363777161 0.09106725454330444 0.170038104057312
6 0.6911159753799438 0.5671825408935547 0.4210072159767151 0.014270186424255371 0.006632447242736816
0 0.817180335521698 0.3573229908943176 0.507914125919342 0.060210466384887695 0.03939202427864075
0 0.8562213182449341 0.5811871290206909 0.5065232515335083 0.02384626865386963 0.03619620203971863
0 0.8615617156028748 0.1511794775724411 0.5648036003112793 0.1672457754611969 0.1765700876712799
0 0.9275774359703064 0.42051005363464355 0.5159622430801392 0.07058250904083252 0.07355186343193054
0 0.9453759789466858 0.25218698382377625 0.5328839421272278 0.09824836254119873 0.08210381865501404
0 0.9481379389762878 0.33535251021385193 0.5424071550369263 0.1106981635093689 0.08658206462860107
0 0.9536106586456299 0.513629138469696 0.5360628962516785 0.07621729373931885 0.14044150710105896
0 0.956412136554718 0.614810585975647 0.5281732082366943 0.0740889310836792 0.08155182003974915