0 0.2516874670982361 0.8126242756843567 0.5028101801872253 0.02308511734008789 0.016518473625183105
14 0.2716839611530304 0.14945879578590393 0.6394072771072388 0.13025140762329102 0.06436514854431152
0 0.27860549092292786 0.5148140788078308 0.5012484192848206 0.022554397583007812 0.014742374420166016
7 0.28573697805404663 0.0744892954826355 0.5312715172767639 0.012432679533958435 0.03354537487030029
0 0.29075634479522705 0.7939971685409546 0.5078873634338379 0.06238090991973877 0.028484106063842773
7 0.33617281913757324 0.7610020041465759 0.5212533473968506 0.026601672172546387 0.05990254878997803
3 0.39112088084220886 0.42322981357574463 0.5094276070594788 0.020383775234222412 0.025779128074645996
11 0.40618428587913513 0.48331108689308167 0.4125167429447174 0.01923924684524536 0.007581472396850586
17 0.40892553329467773 0.1801430583000183 0.5366747379302979 0.025514930486679077 0.03506672382354736
0 0.4138096570968628 0.44524499773979187 0.5105584859848022 0.021814346313476562 0.025405436754226685
11 0.4203922748565674 0.5215951800346375 0.41275307536125183 0.017454981803894043 0.006777644157409668
6 0.42564019560813904 0.5214584469795227 0.4127017855644226 0.017041683197021484 0.006849110126495361
23 0.46484172344207764 0.17983204126358032 0.5405081510543823 0.025670886039733887 0.02861011028289795
7 0.4703196883201599 0.18037663400173187 0.5332342982292175 0.01734885573387146 0.0387188196182251
6 0.4857576787471771 0.3919384479522705 0.2593275308609009 0.04592311382293701 0.023254022002220154
3 0.49448826909065247 0.4452609419822693 0.5104199647903442 0.022072017192840576 0.025264263153076172
1 0.5062302350997925 0.462103009223938 0.21449494361877441 0.030919909477233887 0.050752103328704834
6 0.5420067310333252 0.4832555949687958 0.412492036819458 0.01872628927230835 0.007546365261077881
21 0.5423474907875061 0.009757749736309052 0.514773428440094 0.01988256722688675 0.06998717784881592
14 0.6008551716804504 0.8517096638679504 0.63156658411026 0.15804815292358398 0.07204329967498779
0 0.6196792125701904 0.4233365058898926 0.5094571113586426 0.02032262086868286 0.02574858069419861
1 0.6270254850387573 0.7937763929367065 0.36287423968315125 0.020868778228759766 0.04519176483154297
10 0.645261287689209 0.44821447134017944 0.5720404386520386 0.6023484468460083 0.03611564636230469
10 0.7489149570465088 0.7242087721824646 0.5391835570335388 0.10479509830474854 0.026946306228637695
19 0.7506855726242065 0.14950956404209137 0.6396366953849792 0.12870588898658752 0.0662764310836792
0 0.7531678676605225 0.5144316554069519 0.5171274542808533 0.02898535132408142 0.032442688941955566
21 0.7997656464576721 0.46500539779663086 0.4964962899684906 0.025947868824005127 0.03553742170333862
1 0.8337307572364807 0.4310109615325928 0.24588294327259064 0.03276747465133667 0.050260335206985474
3 0.8353437185287476 0.037791624665260315 0.5262101888656616 0.06683796644210815 0.047916293144226074
0 0.8510048389434814 0.5539485216140747 0.5087600350379944 0.01650714874267578 0.023001641035079956
0 0.8734556436538696 0.08218979090452194 0.5295810699462891 0.032973513007164 0.03396141529083252
3 0.8950324058532715 0.5427002310752869 0.5032764077186584 0.016042113304138184 0.025219202041625977
8 0.9157652258872986 0.28697729110717773 0.6603663563728333 0.12559813261032104 0.08823692798614502
8 0.9206691980361938 0.7279892563819885 0.6538103222846985 0.13997423648834229 0.09133541584014893
0 0.9384216070175171 0.38301587104797363 0.5398322343826294 0.09395480155944824 0.10251066088676453
21 0.9515660405158997 0.6149168014526367 0.4855005443096161 0.11710667610168457 0.1485247015953064
8 0.9603535532951355 0.5129206776618958 0.6660242676734924 0.04270997643470764 0.10487186908721924