4 0.2568700909614563 0.5702846050262451 0.5273668169975281 0.021391868591308594 0.006788969039916992
0 0.3029228746891022 0.5731452107429504 0.49702292680740356 0.01784336566925049 0.016495615243911743
19 0.3479965329170227 0.8920680284500122 0.614565908908844 0.13944923877716064 0.05857717990875244
3 0.37851324677467346 0.33002400398254395 0.4870404005050659 0.0837739109992981 0.01872849464416504
3 0.4087023437023163 0.3912559449672699 0.4940323233604431 0.04397100210189819 0.01902151107788086
0 0.4348699748516083 0.5388622283935547 0.505466878414154 0.018177032470703125 0.039393067359924316
0 0.4560418725013733 0.4234667420387268 0.5004503726959229 0.012231707572937012 0.01853582262992859
4 0.5087360143661499 0.525165855884552 0.6820358037948608 0.05639314651489258 0.07584834098815918
0 0.5363132357597351 0.36409279704093933 0.5058651566505432 0.023823320865631104 0.014784306287765503
0 0.5371667146682739 0.619986891746521 0.5012492537498474 0.012507915496826172 0.017361164093017578
7 0.5594820380210876 0.5556551814079285 0.5027608871459961 0.0077533721923828125 0.02469778060913086
3 0.5635059475898743 0.471989244222641 0.4929761588573456 0.020803749561309814 0.017581403255462646
8 0.6195089817047119 0.20667701959609985 0.5971770286560059 0.07425516843795776 0.021018505096435547
14 0.7323258519172668 0.8925309181213379 0.6142449378967285 0.1406155824661255 0.058897972106933594
8 0.7406923770904541 0.5248766541481018 0.6826231479644775 0.055010437965393066 0.0767902135848999
0 0.800872266292572 0.5736192464828491 0.5046069622039795 0.021721243858337402 0.030301213264465332
0 0.8659582734107971 0.4462529420852661 0.5101630091667175 0.04637908935546875 0.05017435550689697
8 0.8701919317245483 0.7737827301025391 0.6663943529129028 0.09636867046356201 0.06247437000274658
0 0.9211523532867432 0.35073989629745483 0.5194962620735168 0.03865659236907959 0.048050761222839355
0 0.9212773442268372 0.39791131019592285 0.5245704650878906 0.06433528661727905 0.05761384963989258
0 0.9374118447303772 0.22325186431407928 0.5259010791778564 0.09681394696235657 0.09464883804321289
0 0.9379111528396606 0.5127268433570862 0.5189382433891296 0.045937538146972656 0.0787520706653595
0 0.9502854347229004 0.3099710941314697 0.5335836410522461 0.08955413103103638 0.0881323516368866
0 0.9595860242843628 0.08911009132862091 0.5574237704277039 0.17860949039459229 0.1780402660369873
0 0.9749631285667419 0.6658244729042053 0.5459691882133484 0.1270618438720703 0.12944698333740234